**** Calibrating ****
mono pinhole calibration...
*** Added sample 102, p_x = 0.744, p_y = 0.616, p_size = 0.287, skew = 0.107
*** Added sample 103, p_x = 0.723, p_y = 0.540, p_size = 0.312, skew = 0.193
D = [0.13294203980487454, -0.2806771785968574, 0.0019504110319472196, -0.010380324590729684, 0.0]
K = [608.6435188941366, 0.0, 310.040893224409, 0.0, 607.1436122021256, 240.04519327702684, 0.0, 0.0, 1.0]
R = [1.0, 0.0, 0.0, 0.0, 1.0, 0.0, 0.0, 0.0, 1.0]
P = [616.299072265625, 0.0, 304.1760984808352, 0.0, 0.0, 619.6426391601562, 240.2391208046538, 0.0, 0.0, 0.0, 1.0, 0.0]
None
# oST version 5.0 parameters


[image]

width
640

height
480

[narrow_stereo]

camera matrix
608.643519 0.000000 310.040893
0.000000 607.143612 240.045193
0.000000 0.000000 1.000000

distortion
0.132942 -0.280677 0.001950 -0.010380 0.000000

rectification
1.000000 0.000000 0.000000
0.000000 1.000000 0.000000
0.000000 0.000000 1.000000

projection
616.299072 0.000000 304.176098 0.000000
0.000000 619.642639 240.239121 0.000000
0.000000 0.000000 1.000000 0.000000
