**** Calibrating ****
mono pinhole calibration...
*** Added sample 91, p_x = 0.667, p_y = 0.710, p_size = 0.583, skew = 0.026
*** Added sample 92, p_x = 0.388, p_y = 0.571, p_size = 0.575, skew = 0.009
*** Added sample 93, p_x = 0.333, p_y = 0.718, p_size = 0.559, skew = 0.005
D = [-0.4300860085278671, 0.16693455937196325, -0.00011802249985577648, -0.00015210778434165246, 0.0]
K = [546.000020384877, 0.0, 344.23256633757467, 0.0, 546.2886929481159, 236.68375797972664, 0.0, 0.0, 1.0]
R = [1.0, 0.0, 0.0, 0.0, 1.0, 0.0, 0.0, 0.0, 1.0]
P = [448.30328369140625, 0.0, 354.5533904934491, 0.0, 0.0, 494.72119140625, 235.40170454136387, 0.0, 0.0, 0.0, 1.0, 0.0]
None
# oST version 5.0 parameters


[image]

width
640

height
480

[narrow_stereo]

camera matrix
546.000020 0.000000 344.232566
0.000000 546.288693 236.683758
0.000000 0.000000 1.000000

distortion
-0.430086 0.166935 -0.000118 -0.000152 0.000000

rectification
1.000000 0.000000 0.000000
0.000000 1.000000 0.000000
0.000000 0.000000 1.000000

projection
448.303284 0.000000 354.553390 0.000000
0.000000 494.721191 235.401705 0.000000
0.000000 0.000000 1.000000 0.000000

**** Calibrating ****
mono pinhole calibration...
*** Added sample 62, p_x = 0.612, p_y = 0.281, p_size = 0.439, skew = 0.061
*** Added sample 63, p_x = 0.641, p_y = 0.140, p_size = 0.456, skew = 0.044
D = [-0.4475821833927699, 0.2049822875402479, 0.0006908321967478297, 3.062737625157031e-05, 0.0]
K = [273.85013907783343, 0.0, 171.09113450002653, 0.0, 274.05566426999013, 117.53088540862596, 0.0, 0.0, 1.0]
R = [1.0, 0.0, 0.0, 0.0, 1.0, 0.0, 0.0, 0.0, 1.0]
P = [225.52450561523438, 0.0, 175.03545200078406, 0.0, 0.0, 247.22021484375, 116.65928161839838, 0.0, 0.0, 0.0, 1.0, 0.0]
None
# oST version 5.0 parameters


[image]

width
320

height
240

[narrow_stereo]

camera matrix
273.850139 0.000000 171.091135
0.000000 274.055664 117.530885
0.000000 0.000000 1.000000

distortion
-0.447582 0.204982 0.000691 0.000031 0.000000

rectification
1.000000 0.000000 0.000000
0.000000 1.000000 0.000000
0.000000 0.000000 1.000000

projection
225.524506 0.000000 175.035452 0.000000
0.000000 247.220215 116.659282 0.000000
0.000000 0.000000 1.000000 0.000000
